((("va_end" .
   [1 0 0 0 0 0])
  ("va_start" .
   [1 0 0 0 0 0 0 0])
  ("va_list" .
   [1 0 0 0 0 0 0])
  ("getitem" .
   [1 0 0 0 0 0 0])
  ("_array" .
   [2 0 0 0 0 0])
  ("false" .
   [1 0 0 0 0])
  ("other" .
   [2 0 0 0 0])
  ("_idx" .
   [5 0 0 0])
  ("ArrayClass" .
   [1 0 0 0 0 0 0 0 0 0])
  ("va_arg" .
   [2 0 0 0 0 0])
  ("array" .
   [1 0 0 0 0])
  ("new" .
   [1 0 0])
  ("INT_MIN" .
   [1 0 0 0 0 0 0])
  ("INT_MAX" .
   [1 0 0 0 0 0 0])
  ("self" .
   [14 0 0 0])
  ("point" .
   [1 0 0 0 0])
  ("PointClass" .
   [3 0 0 0 0 0 0 0 0 0])
  ("Point" .
   [4 0 0 0 0])
  ("args" .
   [4 0 0 0])
  ("base" .
   [2 0 0 0])
  ("__del__" .
   [0 0 0 0 0 0 1])
  ("ptr" .
   [6 0 0])
  ("__size__" .
   [0 0 1 0 0 0 0 0])
  ("raise" .
   [2 0 0 0 0])
  ("class" .
   [5 0 0 0 0])
  ("Class" .
   [5 0 0 0 0])
  ("Object" .
   [4 0 0 0 0 0])
  ("object" .
   [11 0 0 0 0 0])
  ("join_s" .
   [2 0 0 0 0 0])
  ("s1" .
   [2 0])
  ("join_c" .
   [2 0 0 0 1 0])
  ("s_array" .
   [0 0 0 1 0 0 0])
  ("String" .
   [4 0 0 0 0 0])
  ("queue" .
   [1 0 0 0 0])
  ("queue_pop" .
   [0 0 0 0 0 0 1 0 0])
  ("t_list" .
   [1 0 0 0 0 0])
  ("list_clear" .
   [0 0 0 0 0 0 2 1 0 0])
  ("val_disp" .
   [0 0 0 0 0 1 0 0])
  ("val_comp" .
   [0 0 0 0 0 0 1 0])
  ("elem" .
   [2 0 0 0])
  ("node_tofree" .
   [0 0 0 0 0 1 0 0 0 0 0])
  ("front_ptr" .
   [2 0 0 0 5 2 0 0 0])
  ("struct_reference" .
   [0 0 0 0 0 0 0 1 0 0 0 0 0 0 0 0])
  ("666" .
   [1 0 0])
  ("708" .
   [1 0 0])
  ("ptr2" .
   [4 0 0 0])
  ("ptr1" .
   [3 0 0 0])
  ("absolute_add" .
   [0 0 0 0 0 1 0 0 0 0 0 0])
  ("normal_add" .
   [1 0 0 0 0 0 0 0 0 0])
  ("add_op" .
   [1 0 0 0 0 0])
  ("ABSOLUTE" .
   [0 0 0 0 2 0 0 1])
  ("NORMAL" .
   [1 0 0 0 0 0])
  ("t_add" .
   [1 0 0 0 0])
  ("exec_add" .
   [1 0 0 0 0 0 0 0])
  ("ABS" .
   [2 0 0])
  ("func_array" .
   [0 0 0 0 0 0 1 0 0 0])
  ("func_ptr_array" .
   [0 0 0 0 0 0 0 0 0 0 1 0 0 0])
  ("PRINT_42" .
   [1 0 0 0 1 0 0 0])
  ("PRINT_UPPER" .
   [1 0 0 0 0 0 0 0 0 0 0])
  ("PRINT_REVERSE" .
   [1 0 0 0 0 0 0 0 0 0 0 0 0])
  ("func_ptr" .
   [0 0 0 0 0 0 1 0])
  ("t_func_ptr" .
   [0 0 0 0 1 0 0 0 0 0])
  ("t_action" .
   [0 0 0 1 0 0 0 0])
  ("print_42" .
   [2 0 0 0 0 0 0 0])
  ("print_upper" .
   [2 0 0 0 0 0 0 0 0 0 0])
  ("print_reverse" .
   [2 0 0 0 0 0 0 0 0 0 0 0 0])
  ("PRINT_NORMAL" .
   [0 0 0 0 0 0 0 1 0 1 0 0])
  ("end" .
   [3 0 0])
  ("print_normal" .
   [2 0 0 0 0 1 0 0 0 0 0 0])
  ("str" .
   [28 0 0])
  ("new_tab" .
   [1 0 0 0 1 0 0])
  ("tab" .
   [8 0 0])
  ("malloc" .
   [3 0 0 0 0 0])
  ("for" .
   [4 0 0])
  ("length" .
   [4 0 0 2 1 1])
  ("str_op" .
   [6 0 0 0 0 0])
  ("str2" .
   [4 0 0 0])
  ("strlen" .
   [7 0 0 0 1 0])
  ("str1" .
   [4 0 0 0])
  ("mul" .
   [1 0 0])
  ("second" .
   [6 0 0 0 0 0])
  ("first" .
   [6 0 0 0 0])
  ("add" .
   [3 0 0])
  ("content" .
   [4 0 0 0 0 0 1])
  ("stdint" .
   [1 0 0 0 0 0])
  ("right" .
   [11 0 0 1 0])
  ("find_shortest" .
   [0 0 0 0 2 0 0 0 0 0 0 0 0])
  ("left" .
   [9 0 0 1])
  ("free" .
   [7 0 0 0])
  ("buffer" .
   [1 0 0 0 0 0])
  ("img" .
   [2 0 0])
  ("t_bmp_info_header" .
   [2 0 0 0 0 0 0 0 0 0 0 0 0 0 0 0 0])
  ("t_bmp_header" .
   [1 0 0 0 0 0 0 0 0 0 0 0])
  ("sizeof" .
   [4 0 0 0 1 0])
  ("BPP" .
   [6 0 0])
  ("32" .
   [1 0])
  ("define" .
   [3 0 0 0 0 0])
  ("important_colors" .
   [0 0 0 0 1 0 0 0 0 0 0 0 0 0 0 0])
  ("palette_size" .
   [0 0 0 1 0 0 0 0 0 0 0 0])
  ("v_resolution" .
   [0 0 0 0 1 0 0 0 0 0 0 0])
  ("h_resolution" .
   [0 0 1 0 0 0 0 0 0 0 0 0])
  ("raw_data_size" .
   [0 0 0 1 0 0 0 0 0 0 0 0 0])
  ("compression" .
   [0 0 0 0 1 0 0 0 0 0 0])
  ("bpp" .
   [1 0 0])
  ("planes" .
   [0 0 0 1 0 0])
  ("height" .
   [0 0 0 2 0 0])
  ("width" .
   [4 0 4 0 0])
  ("offset" .
   [1 0 0 1 0 0])
  ("_app2" .
   [1 0 0 0 0])
  ("_app1" .
   [0 0 0 0 1])
  ("BMP_MAGIC" .
   [0 0 1 0 0 0 0 0 0])
  ("magic" .
   [1 0 0 0 0])
  ("header" .
   [7 0 2 0 2 1])
  ("res" .
   [22 0 0])
  ("restrict" .
   [0 0 0 1 0 0 0 0])
  ("pwr" .
   [4 0 0])
  ("pow" .
   [3 0 0])
  ("default" .
   [3 0 0 0 0 0 0])
  ("sed" .
   [1 0 0])
  ("true" .
   [2 0 0 0])
  ("key_value" .
   [0 0 0 0 0 0 1 0 0])
  ("KEY" .
   [5 0 0])
  ("/dev/null" .
   [2 0 0 0 0 0 0 0 0])
  ("bdsh_flush" .
   [1 0 0 0 0 0 0 0 0 0])
  ("-eq" .
   [3 0 0])
  ("exit" .
   [3 0 0 0])
  ("bdsh_usage" .
   [0 0 0 0 0 1 1 1 0 0])
  ("then" .
   [5 0 0 0])
  ("bdsh_select" .
   [0 0 0 0 0 0 0 1 0 0 0])
  ("bdsh_del" .
   [1 0 0 0 0 0 0 0])
  ("output_file" .
   [0 0 1 6 1 0 0 0 0 0 0])
  ("shift" .
   [2 0 0 1 1])
  ("echo" .
   [18 0 0 0])
  ("arg" .
   [3 0 0])
  ("temp_depth" .
   [0 0 0 0 2 0 0 0 0 0])
  ("include" .
   [18 0 0 0 0 0 0])
  ("print_coord" .
   [0 0 0 0 0 0 0 0 1 0 0])
  ("3" .
   [1])
  ("mod" .
   [6 0 0])
  ("posy" .
   [2 0 0 0])
  ("posx" .
   [3 0 0 0])
  ("compute_menger" .
   [0 0 0 0 0 1 0 0 0 0 0 0 0 0])
  ("depth" .
   [2 0 1 11 5])
  ("10" .
   [2 0])
  ("level" .
   [5 0 1 0 0])
  ("size" .
   [29 0 0 1])
  ("menger" .
   [1 0 0 0 0 0])
  ("sum" .
   [4 0 0])
  ("puts" .
   [11 0 0 0])
  ("break" .
   [14 0 0 0 0])
  ("case" .
   [23 0 0 0])
  ("switch" .
   [0 0 2 2 0 0])
  ("follow_the_white_rabbit" .
   [0 0 0 0 0 0 1 0 0 0 0 0 0 0 0 0 0 0 0 0 0 0 0])
  ("dice" .
   [9 0 0 0])
  ("while" .
   [11 0 0 0 0])
  ("return" .
   [39 0 0 5 5 1])
  ("modify_counter" .
   [0 0 0 1 0 0 0 0 0 0 0 0 0 0])
  ("static" .
   [9 0 0 0 1 0])
  ("else" .
   [18 0 0 0])
  ("type" .
   [4 0 0 0])
  ("void" .
   [19 0 0 0])
  ("int" .
   [78 0 1])
  ("main" .
   [9 0 1 0])
  ("char" .
   [15 0 0 0])
  ("if" .
   [51 0])
  ("inc" .
   [0 0 1])
  ("printf" .
   [20 0 0 2 1 3])
  ("argv" .
   [2 0 1 0])
  ("len" .
   [11 0 0])
  ("out" .
   [5 0 0])
  ("NULL" .
   [57 0 0 0])
  ("gtk_main_quit" .
   [0 0 0 0 0 0 1 0 0 0 0 0 0])
  ("window" .
   [0 0 0 0 1 0])
  ("100" .
   [3 0 0])
  ("plus" .
   [1 0 0 0])
  ("minus" .
   [1 0 0 0 0])
  ("count" .
   [5 0 1 0 0])
  ("label" .
   [2 0 0 0 0])
  ("orig" .
   [3 0 0 0])
  ("tmp_depth" .
   [0 0 0 0 0 0 3 1 0])
  ("tmp_size" .
   [0 0 0 1 0 0 0 0])
  ("0x00FF0000" .
   [0 0 0 0 0 0 1 0 0 0])
  ("0xFF" .
   [2 0 0 0])
  ("255" .
   [3 0 0])
  ("/dev/" .
   [0 0 0 1 0])
  ("color" .
   [4 0 0 0 0])
  ("map" .
   [10 0 0])
  ("pyramid_path" .
   [0 0 0 0 0 0 0 0 1 0 0 1])
  ("maps" .
   [0 0 0 1])
  ("pyramid" .
   [0 0 0 0 0 0 1])
  ("once" .
   [4 0 0 0])
  ("typedef" .
   [0 0 0 1 1 0 0])
  ("struct" .
   [4 0 1 0 0 1])
  ("t_foo" .
   [1 0 1 0 0])
  ("bar" .
   [5 0 0])
  ("union" .
   [4 0 0 0 0])
  ("foo" .
   [6 0 0])
  ("unsigned" .
   [0 0 0 1 5 4 0 0])
  ("short" .
   [7 0 0 0 0])
  ("long" .
   [1 0 0 0])
  ("u_foo_foo" .
   [1 0 0 0 0 0 0 0 0])
  ("domain" .
   [3 0 0 0 0 0])
  ("action" .
   [12 0 1 0 0 0])
  ("0x0F" .
   [1 0 0 0])
  ("operation" .
   [1 0 0 1 1 0 0 0 0])
  ("div_type" .
   [1 0 0 0 0 0 0 0])
  ("INTEGER" .
   [0 0 0 1 0 0 1])
  ("decimale_div" .
   [1 0 0 0 0 0 0 0 0 0 0 0])
  ("integer_div" .
   [0 0 0 0 0 0 0 0 1 0 0])
  ("t_integer_op" .
   [0 0 0 0 0 2 0 0 0 0 0 0])
  ("div_op" .
   [1 0 0 0 1 2])
  ("DIV_OPERATION" .
   [0 0 0 0 0 0 0 0 0 0 0 0 1])
  ("div" .
   [1 0 0])
  ("DECIMALE" .
   [0 0 0 0 1 0 0 0])
  ("instruction_type" .
   [0 0 0 0 0 1 0 0 0 0 0 0 0 0 0 0])
  ("stdio" .
   [1 0 0 0 0])
  ("do_action" .
   [0 0 0 0 0 1 0 0 0])
  ("t_whatever" .
   [0 0 0 0 1 1 0 0 0 0])
  ("get_struct_ptr" .
   [0 0 0 1 0 0 0 0 0 0 0 0 0 0])
  ("test" .
   [2 0 0 0])
  ("next" .
   [3 0 0 0])
  ("new_node" .
   [1 0 0 0 0 0 2 0])
  ("list_del_elem_at_front" .
   [1 0 0 0 0 0 0 0 0 0 0 0 0 0 0 0 0 0 0 0 0 0])
  ("tmp" .
   [10 0 0])
  ("value" .
   [13 0 0 1 1])
  ("t_node" .
   [2 0 0 0 0 0])
  ("node" .
   [4 0 0 0])
  ("list_get_" .
   [0 0 0 0 0 0 0 0 1])
  ("list_head" .
   [0 0 0 0 0 0 2 0 0])
  ("list_get_first_node_with_value" .
   [0 0 0 0 0 0 0 0 0 0 0 0 1 0 0 0 0 0 0 0 0 0 0 0 0 0 0 0 0 0])
  ("t_tree" .
   [1 0 0 0 0 0])
  ("tree" .
   [2 0 0 0])
  ("btree_delete" .
   [0 0 0 1 1 1 1 0 0 0 0 0])
  ("btree_get_size" .
   [0 0 0 0 0 0 0 0 0 2 0 0 0 0])
  ("btree_get_depth" .
   [0 0 0 0 0 0 0 0 0 0 0 0 1 0 0])
  ("TRUE" .
   [2 0 0 0])
  ("btree_is_empty" .
   [0 0 0 0 0 0 0 0 1 0 0 0 0 0])
  ("root_ptr" .
   [0 0 1 2 3 0 0 0])
  ("FALSE" .
   [3 0 0 0 0])
  ("double" .
   [2 0 0 0 0 0])
  ("null" .
   [2 0 0 0])
  ("btree_get_max_value" .
   [0 0 0 0 0 0 0 0 0 0 0 0 1 0 0 0 0 0 0])
  ("MAX" .
   [4 0 0])
  ("MIN" .
   [1 0 0])
  ("in" .
   [1 0])
  ("list_get_size" .
   [0 0 0 0 0 0 0 0 1 0 0 0 0])
  ("stack" .
   [1 0 0 1 1])
  ("list_is_empty" .
   [0 0 0 0 0 0 0 0 0 0 1 0 0])
  ("list_add_elem_at_front" .
   [0 0 0 0 0 0 0 0 1 0 0 0 0 0 0 0 0 0 0 0 0 0])
  ("stack_ptr" .
   [0 0 0 0 0 0 1 0 0])
  ("list_get_elem_at_front" .
   [0 0 0 0 0 0 0 0 0 0 0 0 1 0 0 0 0 0 0 0 0 0])
  ("map_get_size" .
   [0 0 0 0 0 0 0 0 0 0 0 1])
  ("pair" .
   [9 0 0 0])
  ("map_create_pair" .
   [0 0 0 0 0 0 0 3 0 0 0 0 0 0 0])
  ("key" .
   [8 0 0])
  ("t_pair" .
   [3 0 0 0 0 0])
  ("list_dump" .
   [1 0 0 0 0 0 0 0 0])
  ("int_displayer" .
   [0 0 0 0 1 0 0 0 0 0 0 0 0])
  ("data" .
   [2 0 0 0])
  ("/media/" .
   [0 1 0 0 0 0 0])
  ("this" .
   [17 0 1 0])
  ("pos" .
   [7 0 0])
  ("find_s" .
   [0 0 0 0 1 0])
  ("find_c" .
   [1 0 0 0 0 0])
  ("size_t" .
   [2 0 0 0 0 0])
  ("new_size" .
   [1 0 0 0 0 0 1 0])
  ("append_" .
   [0 0 0 0 0 0 1])
  ("ap" .
   [7 0])
  ("assign_c" .
   [0 0 0 0 1 0 0 0])
  ("rsize" .
   [0 0 0 1 0])
  ("lenght" .
   [2 0 0 0 0 0])
  ("to_int" .
   [2 0 0 0 0 0])
  ("aff" .
   [2 0 0])
  ("insert_c" .
   [1 0 0 0 0 0 0 0])
  ("strncpy" .
   [1 0 0 0 0 0 0])
  ("len1" .
   [1 0 0 0])
  ("new_str" .
   [5 0 0 0 0 0 0])
  ("memset" .
   [1 0 0 0 0 0])
  ("delim" .
   [1 0 0 0 0])
  ("const" .
   [1 0 0 0 0])
  ("s2" .
   [1 0])
  ("ctab" .
   [3 0 0 0])
  ("StringInit" .
   [1 0 0 0 0 0 0 0 0 0])
  ("ss3" .
   [3 0 0])))
